image: uoa_robot_drone_map_202507231639_m238.pgm
resolution: 0.05
origin: [-0.575207, -0.903668, 0.0]
negate: 0
occupied_thresh: 0.5
free_thresh: 0.196

