image: uoa_robot_drone_map_202507231952.pgm
resolution: 0.05
origin: [-2.38093, -3.02432, 0.0]
negate: 0
occupied_thresh: 0.5
free_thresh: 0.196

